L1TCalorimeter Sequence configured for Stage-2 (2016) trigger. 
L1TMuon Sequence configured for Stage-2 (2016) trigger. 
L1TGlobal Sequence configured for Stage-2 (2016) trigger. 
L1TCalorimeter Conditions configured for Stage-2 (2016) trigger. 
L1TMuon Conditions configured for Stage-2 (2016) trigger. 
L1TGlobal Conditions configured for Stage-2 (2016) trigger. 
L1Trigger/L1TGlobal/python/StableParameters_cff.py is deprecated, please use GlobalParameters_cff.py instead.
L1T INFO:  L1REPACK:FullSimTP (intended for 2016 data) will unpack all L1T inputs, re-emulate Trigger Primitives, re-emulate L1T (Stage-2), and pack uGT, uGMT, and Calo Stage-2 output.
%MSG-i ThreadSetup:  (NoModuleName) 13-May-2017 14:50:16 CEST pre-events
setting # threads 4
%MSG
%MSG-i StreamSetup:  (NoModuleName) 13-May-2017 14:50:16 CEST pre-events
setting # streams 4
%MSG
DQMStore: MultiThread option is enabled
13-May-2017 14:50:53 CEST  Initiating request to open file root://eoscms.cern.ch//eos/cms/store/mc/PhaseIFall16DR/DYJetsToLL_M-50_TuneCUETP8M1_13TeV-madgraphMLM-pythia8/GEN-SIM-RAW/FlatPU28to62HcalNZSRAW_90X_upgrade2017_realistic_v6_C1-v1/130001/FE64C02E-A70E-E711-B368-FA163E1C071E.root
13-May-2017 14:50:57 CEST  Successfully opened file root://eoscms.cern.ch//eos/cms/store/mc/PhaseIFall16DR/DYJetsToLL_M-50_TuneCUETP8M1_13TeV-madgraphMLM-pythia8/GEN-SIM-RAW/FlatPU28to62HcalNZSRAW_90X_upgrade2017_realistic_v6_C1-v1/130001/FE64C02E-A70E-E711-B368-FA163E1C071E.root
%MSG-e JetCorrectorParametersHelper:   EventSetupRecordDataGetter:hltGetConditions@streamBeginRun  13-May-2017 14:51:31 CEST Run: 1 Stream: 1
Duplicate binning in record found (existing index,current index)=(0,1)
	Bins(lower bounds)=(-5.2, -9999, -9999)
%MSG
%MSG-e JetCorrectorParametersHelper:   EventSetupRecordDataGetter:hltGetConditions@streamBeginRun  13-May-2017 14:51:31 CEST Run: 1 Stream: 1
The mapping of bin lower bounds to indices does not contain all possible entries!!!
%MSG
%MSG-e JetCorrectorParametersHelper:   EventSetupRecordDataGetter:hltGetConditions@streamBeginRun  13-May-2017 14:51:31 CEST Run: 1 Stream: 1
Duplicate binning in record found (existing index,current index)=(0,1)
	Bins(lower bounds)=(-5.2, -9999, -9999)
%MSG
%MSG-e JetCorrectorParametersHelper:   EventSetupRecordDataGetter:hltGetConditions@streamBeginRun  13-May-2017 14:51:31 CEST Run: 1 Stream: 1
The mapping of bin lower bounds to indices does not contain all possible entries!!!
%MSG
Begin processing the 1st record. Run 1, Event 5817599, LumiSection 20441 at 13-May-2017 14:51:47.489 CEST
Begin processing the 2nd record. Run 1, Event 5817593, LumiSection 20441 at 13-May-2017 14:51:47.490 CEST
Begin processing the 3rd record. Run 1, Event 5817604, LumiSection 20441 at 13-May-2017 14:51:47.491 CEST
Begin processing the 4th record. Run 1, Event 5817600, LumiSection 20441 at 13-May-2017 14:51:47.492 CEST
Begin processing the 5th record. Run 1, Event 5817598, LumiSection 20441 at 13-May-2017 14:51:48.433 CEST
Begin processing the 6th record. Run 1, Event 5817597, LumiSection 20441 at 13-May-2017 14:51:48.794 CEST
Begin processing the 7th record. Run 1, Event 5817605, LumiSection 20441 at 13-May-2017 14:51:49.012 CEST
Begin processing the 8th record. Run 1, Event 5817611, LumiSection 20441 at 13-May-2017 14:51:49.154 CEST
Begin processing the 9th record. Run 1, Event 5817618, LumiSection 20441 at 13-May-2017 14:51:49.540 CEST
Begin processing the 10th record. Run 1, Event 5817624, LumiSection 20441 at 13-May-2017 14:51:49.643 CEST
Begin processing the 11th record. Run 1, Event 5817614, LumiSection 20441 at 13-May-2017 14:51:49.896 CEST
Begin processing the 12th record. Run 1, Event 5817615, LumiSection 20441 at 13-May-2017 14:51:50.116 CEST
Begin processing the 13th record. Run 1, Event 5817626, LumiSection 20441 at 13-May-2017 14:51:50.230 CEST
Begin processing the 14th record. Run 1, Event 5817621, LumiSection 20441 at 13-May-2017 14:51:50.457 CEST
Begin processing the 15th record. Run 1, Event 5817634, LumiSection 20441 at 13-May-2017 14:51:50.720 CEST
Begin processing the 16th record. Run 1, Event 5817640, LumiSection 20441 at 13-May-2017 14:51:50.919 CEST
Begin processing the 17th record. Run 1, Event 5817628, LumiSection 20441 at 13-May-2017 14:51:51.294 CEST
Begin processing the 18th record. Run 1, Event 5817632, LumiSection 20441 at 13-May-2017 14:51:51.312 CEST
Begin processing the 19th record. Run 1, Event 5817647, LumiSection 20441 at 13-May-2017 14:51:51.528 CEST
Begin processing the 20th record. Run 1, Event 5817652, LumiSection 20441 at 13-May-2017 14:51:51.639 CEST
Begin processing the 21st record. Run 1, Event 5817657, LumiSection 20441 at 13-May-2017 14:51:51.774 CEST
Begin processing the 22nd record. Run 1, Event 5817654, LumiSection 20441 at 13-May-2017 14:51:52.636 CEST
Begin processing the 23rd record. Run 1, Event 5817656, LumiSection 20441 at 13-May-2017 14:51:52.637 CEST
Begin processing the 24th record. Run 1, Event 5817662, LumiSection 20441 at 13-May-2017 14:51:53.076 CEST
Begin processing the 25th record. Run 1, Event 5817661, LumiSection 20441 at 13-May-2017 14:51:53.128 CEST
Begin processing the 26th record. Run 1, Event 5817669, LumiSection 20441 at 13-May-2017 14:51:53.205 CEST
Begin processing the 27th record. Run 1, Event 5817663, LumiSection 20441 at 13-May-2017 14:51:53.597 CEST
Begin processing the 28th record. Run 1, Event 5817671, LumiSection 20441 at 13-May-2017 14:51:53.689 CEST
Begin processing the 29th record. Run 1, Event 5817675, LumiSection 20441 at 13-May-2017 14:51:54.007 CEST
Begin processing the 30th record. Run 1, Event 5817673, LumiSection 20441 at 13-May-2017 14:51:54.056 CEST
Begin processing the 31st record. Run 1, Event 5817664, LumiSection 20441 at 13-May-2017 14:51:54.208 CEST
Begin processing the 32nd record. Run 1, Event 5817678, LumiSection 20441 at 13-May-2017 14:51:54.341 CEST
Begin processing the 33rd record. Run 1, Event 5817681, LumiSection 20441 at 13-May-2017 14:51:54.353 CEST
Begin processing the 34th record. Run 1, Event 5817688, LumiSection 20441 at 13-May-2017 14:51:54.841 CEST
Begin processing the 35th record. Run 1, Event 5817699, LumiSection 20441 at 13-May-2017 14:51:55.121 CEST
Begin processing the 36th record. Run 1, Event 5817698, LumiSection 20441 at 13-May-2017 14:51:55.168 CEST
Begin processing the 37th record. Run 1, Event 5817704, LumiSection 20441 at 13-May-2017 14:51:55.218 CEST
Begin processing the 38th record. Run 1, Event 5817690, LumiSection 20441 at 13-May-2017 14:51:55.648 CEST
Begin processing the 39th record. Run 1, Event 5817701, LumiSection 20441 at 13-May-2017 14:51:56.105 CEST
Begin processing the 40th record. Run 1, Event 5817713, LumiSection 20441 at 13-May-2017 14:51:56.202 CEST
Begin processing the 41st record. Run 1, Event 5817710, LumiSection 20441 at 13-May-2017 14:51:56.236 CEST
Begin processing the 42nd record. Run 1, Event 5817719, LumiSection 20441 at 13-May-2017 14:51:56.452 CEST
Begin processing the 43rd record. Run 1, Event 5817715, LumiSection 20441 at 13-May-2017 14:51:56.573 CEST
Begin processing the 44th record. Run 1, Event 5817723, LumiSection 20441 at 13-May-2017 14:51:56.945 CEST
Begin processing the 45th record. Run 1, Event 5817714, LumiSection 20441 at 13-May-2017 14:51:57.055 CEST
Begin processing the 46th record. Run 1, Event 5817724, LumiSection 20441 at 13-May-2017 14:51:57.083 CEST
Begin processing the 47th record. Run 1, Event 5817728, LumiSection 20441 at 13-May-2017 14:51:57.218 CEST
DTTSPhi::addTracoT: preview not present in TRACO trigger or its code=0  trigger not added!
Begin processing the 48th record. Run 1, Event 5817725, LumiSection 20441 at 13-May-2017 14:51:57.472 CEST
Begin processing the 49th record. Run 1, Event 5817729, LumiSection 20441 at 13-May-2017 14:51:57.934 CEST
Begin processing the 50th record. Run 1, Event 5817734, LumiSection 20441 at 13-May-2017 14:51:57.960 CEST
Begin processing the 51st record. Run 1, Event 5817735, LumiSection 20441 at 13-May-2017 14:51:57.974 CEST
Begin processing the 52nd record. Run 1, Event 5817736, LumiSection 20441 at 13-May-2017 14:51:58.502 CEST
Begin processing the 53rd record. Run 1, Event 5817742, LumiSection 20441 at 13-May-2017 14:51:58.650 CEST
Begin processing the 54th record. Run 1, Event 5817744, LumiSection 20441 at 13-May-2017 14:51:59.101 CEST
Begin processing the 55th record. Run 1, Event 5817740, LumiSection 20441 at 13-May-2017 14:51:59.102 CEST
Begin processing the 56th record. Run 1, Event 5817747, LumiSection 20441 at 13-May-2017 14:51:59.102 CEST
Begin processing the 57th record. Run 1, Event 5817749, LumiSection 20441 at 13-May-2017 14:51:59.650 CEST
Begin processing the 58th record. Run 1, Event 5817751, LumiSection 20441 at 13-May-2017 14:51:59.671 CEST
Begin processing the 59th record. Run 1, Event 5817748, LumiSection 20441 at 13-May-2017 14:51:59.706 CEST
Begin processing the 60th record. Run 1, Event 5817757, LumiSection 20441 at 13-May-2017 14:51:59.952 CEST
Begin processing the 61st record. Run 1, Event 5817758, LumiSection 20441 at 13-May-2017 14:52:00.130 CEST
Begin processing the 62nd record. Run 1, Event 5817760, LumiSection 20441 at 13-May-2017 14:52:00.141 CEST
Begin processing the 63rd record. Run 1, Event 5817754, LumiSection 20441 at 13-May-2017 14:52:00.291 CEST
Begin processing the 64th record. Run 1, Event 5817762, LumiSection 20441 at 13-May-2017 14:52:00.691 CEST
Begin processing the 65th record. Run 1, Event 5817764, LumiSection 20441 at 13-May-2017 14:52:00.817 CEST
Begin processing the 66th record. Run 1, Event 5817766, LumiSection 20441 at 13-May-2017 14:52:00.831 CEST
Begin processing the 67th record. Run 1, Event 5817765, LumiSection 20441 at 13-May-2017 14:52:00.855 CEST
Begin processing the 68th record. Run 1, Event 5817768, LumiSection 20441 at 13-May-2017 14:52:01.367 CEST
Begin processing the 69th record. Run 1, Event 5817772, LumiSection 20441 at 13-May-2017 14:52:01.550 CEST
%MSG-w BasicTrajectoryState:   TrackProducer:hltIter2ElectronsCtfWithMaterialTracks 13-May-2017 14:52:01 CEST  Run: 1 Event: 5817766
curv error not pos-def
[   1.5257e+07     18.3614     -360558    -2.46571   -0.119853
       18.3614   0.0089993   -0.433916 2.62907e-05   0.0371249
       -360558   -0.433916      8520.8   0.0570055  0.00285621
      -2.46571 2.62907e-05   0.0570055 -0.00522043 0.000121851
     -0.119853   0.0371249  0.00285621 0.000121851    0.153574 ]
pos/mom/mf  (3.25498,-6.13652,-6.4576)   (4.50004,-9.09709,-0.671211)   (-5.98924e-05,0.000112913,3.81111) 
%MSG
%MSG-w BasicTrajectoryState:   TrackProducer:hltIter2ElectronsCtfWithMaterialTracks 13-May-2017 14:52:01 CEST  Run: 1 Event: 5817766
local error not pos-def
[   1.5257e+07      363185     2024.44     2.47468    0.134035
        363185     8645.44     48.1908   0.0576293  0.00321901
       2024.44     48.1908    0.277743 0.000350768   0.0375229
       2.47468   0.0576293 0.000350768 -0.00525847 9.29822e-05
      0.134035  0.00321901   0.0375229 9.29822e-05    0.154247 ]
pos/mom/mf  (3.25498,-6.13652,-6.4576)   (4.50004,-9.09709,-0.671211)   (-5.98924e-05,0.000112913,3.81111) 
%MSG
Begin processing the 70th record. Run 1, Event 5817779, LumiSection 20441 at 13-May-2017 14:52:02.261 CEST
Begin processing the 71st record. Run 1, Event 5817782, LumiSection 20441 at 13-May-2017 14:52:02.262 CEST
Begin processing the 72nd record. Run 1, Event 5817775, LumiSection 20441 at 13-May-2017 14:52:02.262 CEST
Begin processing the 73rd record. Run 1, Event 5817787, LumiSection 20441 at 13-May-2017 14:52:02.856 CEST
Begin processing the 74th record. Run 1, Event 5817785, LumiSection 20441 at 13-May-2017 14:52:02.899 CEST
Begin processing the 75th record. Run 1, Event 5817789, LumiSection 20441 at 13-May-2017 14:52:03.043 CEST
Begin processing the 76th record. Run 1, Event 5817786, LumiSection 20441 at 13-May-2017 14:52:03.109 CEST
Begin processing the 77th record. Run 1, Event 5817792, LumiSection 20441 at 13-May-2017 14:52:03.138 CEST
Begin processing the 78th record. Run 1, Event 5817797, LumiSection 20441 at 13-May-2017 14:52:03.333 CEST
Begin processing the 79th record. Run 1, Event 5817798, LumiSection 20441 at 13-May-2017 14:52:03.494 CEST
Begin processing the 80th record. Run 1, Event 5817801, LumiSection 20441 at 13-May-2017 14:52:03.566 CEST
Begin processing the 81st record. Run 1, Event 5817795, LumiSection 20441 at 13-May-2017 14:52:03.780 CEST
Begin processing the 82nd record. Run 1, Event 5817808, LumiSection 20441 at 13-May-2017 14:52:03.939 CEST
Begin processing the 83rd record. Run 1, Event 5817803, LumiSection 20441 at 13-May-2017 14:52:04.151 CEST
Begin processing the 84th record. Run 1, Event 5817805, LumiSection 20441 at 13-May-2017 14:52:04.173 CEST
Begin processing the 85th record. Run 1, Event 5817815, LumiSection 20441 at 13-May-2017 14:52:05.196 CEST
Begin processing the 86th record. Run 1, Event 5817826, LumiSection 20441 at 13-May-2017 14:52:05.196 CEST
Begin processing the 87th record. Run 1, Event 5817819, LumiSection 20441 at 13-May-2017 14:52:05.197 CEST
Begin processing the 88th record. Run 1, Event 5817809, LumiSection 20441 at 13-May-2017 14:52:05.197 CEST
Begin processing the 89th record. Run 1, Event 5817830, LumiSection 20441 at 13-May-2017 14:52:05.939 CEST
Begin processing the 90th record. Run 1, Event 5817845, LumiSection 20441 at 13-May-2017 14:52:06.012 CEST
Begin processing the 91st record. Run 1, Event 5817825, LumiSection 20441 at 13-May-2017 14:52:06.132 CEST
Begin processing the 92nd record. Run 1, Event 5817848, LumiSection 20441 at 13-May-2017 14:52:06.297 CEST
Begin processing the 93rd record. Run 1, Event 5817850, LumiSection 20441 at 13-May-2017 14:52:06.391 CEST
Begin processing the 94th record. Run 1, Event 5817843, LumiSection 20441 at 13-May-2017 14:52:06.680 CEST
Begin processing the 95th record. Run 1, Event 5817849, LumiSection 20441 at 13-May-2017 14:52:06.840 CEST
Begin processing the 96th record. Run 1, Event 5817853, LumiSection 20441 at 13-May-2017 14:52:06.962 CEST
DTTSPhi::addTracoT: preview not present in TRACO trigger or its code=0  trigger not added!
Begin processing the 97th record. Run 1, Event 5817840, LumiSection 20441 at 13-May-2017 14:52:07.310 CEST
Begin processing the 98th record. Run 1, Event 5817855, LumiSection 20441 at 13-May-2017 14:52:07.450 CEST
Begin processing the 99th record. Run 1, Event 5817861, LumiSection 20441 at 13-May-2017 14:52:07.462 CEST
Begin processing the 100th record. Run 1, Event 5817862, LumiSection 20441 at 13-May-2017 14:52:07.478 CEST
Begin processing the 101st record. Run 1, Event 5817873, LumiSection 20441 at 13-May-2017 14:52:07.836 CEST
Begin processing the 102nd record. Run 1, Event 5817871, LumiSection 20441 at 13-May-2017 14:52:08.446 CEST
Begin processing the 103rd record. Run 1, Event 5817864, LumiSection 20441 at 13-May-2017 14:52:08.446 CEST
Begin processing the 104th record. Run 1, Event 5817874, LumiSection 20441 at 13-May-2017 14:52:08.447 CEST
Begin processing the 105th record. Run 1, Event 5817872, LumiSection 20441 at 13-May-2017 14:52:09.233 CEST
Begin processing the 106th record. Run 1, Event 5817879, LumiSection 20441 at 13-May-2017 14:52:09.459 CEST
Begin processing the 107th record. Run 1, Event 5817883, LumiSection 20441 at 13-May-2017 14:52:09.480 CEST
Begin processing the 108th record. Run 1, Event 5817875, LumiSection 20441 at 13-May-2017 14:52:09.590 CEST
Begin processing the 109th record. Run 1, Event 5817884, LumiSection 20441 at 13-May-2017 14:52:09.860 CEST
Begin processing the 110th record. Run 1, Event 5817878, LumiSection 20441 at 13-May-2017 14:52:09.890 CEST
Begin processing the 111th record. Run 1, Event 5817880, LumiSection 20441 at 13-May-2017 14:52:10.121 CEST
DTTSPhi::addTracoT: preview not present in TRACO trigger or its code=0  trigger not added!
Begin processing the 112th record. Run 1, Event 5817889, LumiSection 20441 at 13-May-2017 14:52:10.536 CEST
Begin processing the 113th record. Run 1, Event 5817888, LumiSection 20441 at 13-May-2017 14:52:10.559 CEST
%MSG-w BasicTrajectoryState:   TrackProducer:hltIter2ElectronsCtfWithMaterialTracks 13-May-2017 14:52:11 CEST  Run: 1 Event: 5817878
local error not pos-def
[      -495826    -43814.5     2381.81 -0.00787979  0.00195052
      -43814.5    -3871.74     210.473-0.000696555  0.00017236
       2381.81     210.473    -11.4416  3.7851e-05-1.02684e-05
   -0.00787979-0.000696555  3.7851e-05 1.87026e-06 8.68333e-12
    0.00195052  0.00017236-1.02684e-05 8.68333e-12 6.86655e-06 ]
pos/mom/mf  (10.43,-2.42868,-22.1036)   (28.1118,-7.07892,-50.9397)   (-0.00054489,0.000126881,3.81013) 
%MSG
%MSG-w BasicTrajectoryState:   TrackProducer:hltIter2ElectronsCtfWithMaterialTracks 13-May-2017 14:52:11 CEST  Run: 1 Event: 5817878
curv error not pos-def
[      -495826    -67.7789     43762.3 -0.00787509-0.000728215
      -67.7789 -0.00926527     5.98225-1.08048e-06 9.24864e-09
       43762.3     5.98225    -3862.51 0.000695309 6.42647e-05
   -0.00787509-1.08048e-06 0.000695309 1.86803e-06-5.61103e-08
  -0.000728215 9.24864e-09 6.42647e-05-5.61103e-08  1.6815e-06 ]
pos/mom/mf  (10.43,-2.42868,-22.1036)   (28.1118,-7.07892,-50.9397)   (-0.00054489,0.000126881,3.81013) 
%MSG
%MSG-w BasicTrajectoryState:   TrackProducer:hltIter2ElectronsCtfWithMaterialTracks 13-May-2017 14:52:11 CEST  Run: 1 Event: 5817878
curv error not pos-def
[      -495826    -67.1795      191572 1.51928e+06    -4413.12
      -67.1795 -0.00910212      25.956     205.848   -0.597933
        191572      25.956    -74017.2     -587002     1705.09
   1.51928e+06     205.848     -587002-4.65529e+06     13522.4
      -4413.12   -0.597933     1705.09     13522.4    -39.2792 ]
pos/mom/mf  (22.9428,-5.61342,-44.792)   (28.0755,-7.22171,-50.9397)   (-0.00227633,0.000556951,3.80723) 
%MSG
%MSG-w BasicTrajectoryState:   TrackProducer:hltIter2ElectronsCtfWithMaterialTracks 13-May-2017 14:52:11 CEST  Run: 1 Event: 5817878
local error not pos-def
[      -495826      192007    -15359.5-1.52092e+06      114920
        192007    -74353.7     5947.91      588968    -44502.4
      -15359.5     5947.91    -475.802    -47114.3     3559.96
  -1.52092e+06      588968    -47114.3-4.66531e+06      352511
        114920    -44502.4     3559.96      352511    -26635.8 ]
pos/mom/mf  (22.9428,-5.61342,-44.792)   (28.0755,-7.22171,-50.9397)   (-0.00227633,0.000556951,3.80723) 
%MSG
%MSG-w BasicTrajectoryState:   TrackProducer:hltIter2ElectronsCtfWithMaterialTracks 13-May-2017 14:52:11 CEST  Run: 1 Event: 5817878
local error not pos-def
[      -495826      192007    -15359.5-1.52092e+06      114920
        192007    -74353.7     5947.91      588968    -44502.4
      -15359.5     5947.91    -475.802    -47114.3     3559.96
  -1.52092e+06      588968    -47114.3-4.66531e+06      352511
        114920    -44502.4     3559.96      352511    -26635.8 ]
pos/mom/mf  (22.9429,-5.61343,-44.792)   (28.0707,-7.22047,-50.9309)   (-0.00227633,0.000556951,3.80723) 
%MSG
%MSG-w BasicTrajectoryState:   TrackProducer:hltIter2ElectronsCtfWithMaterialTracks 13-May-2017 14:52:11 CEST  Run: 1 Event: 5817878
curv error not pos-def
[      -495826    -67.1779      191572 1.51928e+06     -4413.1
      -67.1779 -0.00910167     25.9554     205.842   -0.597915
        191572     25.9554    -74017.1     -587002     1705.08
   1.51928e+06     205.842     -587002-4.65529e+06     13522.4
       -4413.1   -0.597915     1705.08     13522.4    -39.2787 ]
pos/mom/mf  (22.9429,-5.61343,-44.792)   (28.0707,-7.22047,-50.9309)   (-0.00227633,0.000556951,3.80723) 
%MSG
%MSG-w BasicTrajectoryState:   TrackProducer:hltIter2ElectronsCtfWithMaterialTracks 13-May-2017 14:52:11 CEST  Run: 1 Event: 5817878
curv error not pos-def
[      -495826    -65.6585      289034  3.5684e+06    -12766.8
      -65.6585 -0.00869461     38.2746     472.536    -1.69061
        289034     38.2746     -168488-2.08014e+06      7442.2
    3.5684e+06     472.536-2.08014e+06-2.56814e+07       91881
      -12766.8    -1.69061      7442.2       91881    -328.726 ]
pos/mom/mf  (31.1978,-7.75156,-59.7761)   (28.0463,-7.31452,-50.9309)   (-0.00403036,0.0010014,3.80433) 
%MSG
%MSG-w BasicTrajectoryState:   TrackProducer:hltIter2ElectronsCtfWithMaterialTracks 13-May-2017 14:52:11 CEST  Run: 1 Event: 5817878
local error not pos-def
[      -495826     -294530     69351.6 3.60113e+06     -825443
       -294530     -174956     41196.1 2.13914e+06     -490328
       69351.6     41196.1    -9700.26     -503693      115455
   3.60113e+06 2.13914e+06     -503693-2.61546e+07  5.9951e+06
       -825443     -490328      115455  5.9951e+06-1.37418e+06 ]
pos/mom/mf  (31.1978,-7.75156,-59.7761)   (28.0463,-7.31452,-50.9309)   (-0.00403036,0.0010014,3.80433) 
%MSG
%MSG-w BasicTrajectoryState:   TrackProducer:hltIter2ElectronsCtfWithMaterialTracks 13-May-2017 14:52:11 CEST  Run: 1 Event: 5817878
local error not pos-def
[      -495826     -294530     69351.6 3.60113e+06     -825443
       -294530     -174956     41196.1 2.13914e+06     -490328
       69351.6     41196.1    -9700.26     -503693      115455
   3.60113e+06 2.13914e+06     -503693-2.61546e+07  5.9951e+06
       -825443     -490328      115455  5.9951e+06-1.37418e+06 ]
pos/mom/mf  (31.1978,-7.75157,-59.7761)   (28.0422,-7.31345,-50.9235)   (-0.00403036,0.0010014,3.80433) 
%MSG
%MSG-w BasicTrajectoryState:   TrackProducer:hltIter2ElectronsCtfWithMaterialTracks 13-May-2017 14:52:11 CEST  Run: 1 Event: 5817878
curv error not pos-def
[      -495826    -65.6596      289034  3.5684e+06    -12766.8
      -65.6596 -0.00869489     38.2752     472.544    -1.69064
        289034     38.2752     -168488-2.08014e+06     7442.21
    3.5684e+06     472.544-2.08014e+06-2.56814e+07     91881.2
      -12766.8    -1.69064     7442.21     91881.2    -328.727 ]
pos/mom/mf  (31.1978,-7.75157,-59.7761)   (28.0422,-7.31345,-50.9235)   (-0.00403036,0.0010014,3.80433) 
%MSG
%MSG-w BasicTrajectoryState:   TrackProducer:hltIter2ElectronsCtfWithMaterialTracks 13-May-2017 14:52:11 CEST  Run: 1 Event: 5817878
curv error not pos-def
[      -495826     -62.703      383792 6.36192e+06    -27720.9
       -62.703 -0.00792948     48.5349     804.539    -3.50563
        383792     48.5349     -297072-4.92441e+06     21457.2
   6.36192e+06     804.539-4.92441e+06-8.16294e+07      355685
      -27720.9    -3.50563     21457.2      355685    -1549.83 ]
pos/mom/mf  (39.2296,-9.86026,-74.3677)   (28.0182,-7.40479,-50.9235)   (-0.00619031,0.00155592,3.80077) 
%MSG
%MSG-w BasicTrajectoryState:   TrackProducer:hltIter2ElectronsCtfWithMaterialTracks 13-May-2017 14:52:11 CEST  Run: 1 Event: 5817878
local error not pos-def
[      -495826      218071     12257.3-6.35025e+06     -386458
        218071    -95910.2     -5390.9 2.79292e+06      169969
       12257.3     -5390.9     -303.01      156984     9553.57
  -6.35025e+06 2.79292e+06      156984-8.13303e+07-4.94952e+06
       -386458      169969     9553.57-4.94952e+06     -301213 ]
pos/mom/mf  (39.2296,-9.86026,-74.3677)   (28.0182,-7.40479,-50.9235)   (-0.00619031,0.00155592,3.80077) 
%MSG
Begin processing the 114th record. Run 1, Event 5817899, LumiSection 20442 at 13-May-2017 14:52:11.351 CEST
Begin processing the 115th record. Run 1, Event 5817901, LumiSection 20442 at 13-May-2017 14:52:11.351 CEST
Begin processing the 116th record. Run 1, Event 5817903, LumiSection 20442 at 13-May-2017 14:52:11.351 CEST
Begin processing the 117th record. Run 1, Event 5817894, LumiSection 20442 at 13-May-2017 14:52:11.352 CEST
Begin processing the 118th record. Run 1, Event 5817904, LumiSection 20442 at 13-May-2017 14:52:13.307 CEST
Begin processing the 119th record. Run 1, Event 5817893, LumiSection 20442 at 13-May-2017 14:52:13.440 CEST
Begin processing the 120th record. Run 1, Event 5817891, LumiSection 20442 at 13-May-2017 14:52:13.579 CEST
Begin processing the 121st record. Run 1, Event 5817911, LumiSection 20442 at 13-May-2017 14:52:13.793 CEST
Begin processing the 122nd record. Run 1, Event 5817906, LumiSection 20442 at 13-May-2017 14:52:13.921 CEST
Begin processing the 123rd record. Run 1, Event 5817925, LumiSection 20442 at 13-May-2017 14:52:14.251 CEST
Begin processing the 124th record. Run 1, Event 5817933, LumiSection 20442 at 13-May-2017 14:52:14.283 CEST
Begin processing the 125th record. Run 1, Event 5817939, LumiSection 20442 at 13-May-2017 14:52:14.534 CEST
Begin processing the 126th record. Run 1, Event 5817929, LumiSection 20442 at 13-May-2017 14:52:14.550 CEST
Begin processing the 127th record. Run 1, Event 5817937, LumiSection 20442 at 13-May-2017 14:52:14.657 CEST
Begin processing the 128th record. Run 1, Event 5817942, LumiSection 20442 at 13-May-2017 14:52:14.695 CEST
Begin processing the 129th record. Run 1, Event 5817934, LumiSection 20442 at 13-May-2017 14:52:14.895 CEST
Begin processing the 130th record. Run 1, Event 5817957, LumiSection 20442 at 13-May-2017 14:52:15.021 CEST
Begin processing the 131st record. Run 1, Event 5817959, LumiSection 20442 at 13-May-2017 14:52:15.107 CEST
Begin processing the 132nd record. Run 1, Event 5817961, LumiSection 20442 at 13-May-2017 14:52:15.280 CEST
Begin processing the 133rd record. Run 1, Event 5817958, LumiSection 20442 at 13-May-2017 14:52:15.455 CEST
Begin processing the 134th record. Run 1, Event 5817964, LumiSection 20442 at 13-May-2017 14:52:15.673 CEST
Begin processing the 135th record. Run 1, Event 5817952, LumiSection 20442 at 13-May-2017 14:52:16.383 CEST
Begin processing the 136th record. Run 1, Event 5817969, LumiSection 20442 at 13-May-2017 14:52:16.384 CEST
Begin processing the 137th record. Run 1, Event 5817972, LumiSection 20442 at 13-May-2017 14:52:16.386 CEST
Begin processing the 138th record. Run 1, Event 5817943, LumiSection 20442 at 13-May-2017 14:52:17.265 CEST
DTTSPhi::addTracoT: preview not present in TRACO trigger or its code=0  trigger not added!
Begin processing the 139th record. Run 1, Event 5817973, LumiSection 20442 at 13-May-2017 14:52:17.700 CEST
Begin processing the 140th record. Run 1, Event 5817979, LumiSection 20442 at 13-May-2017 14:52:17.737 CEST
Begin processing the 141st record. Run 1, Event 5817965, LumiSection 20442 at 13-May-2017 14:52:17.910 CEST
DTTSPhi::addTracoT: preview not present in TRACO trigger or its code=0  trigger not added!
DTTSPhi::addTracoT: preview not present in TRACO trigger or its code=0  trigger not added!
Begin processing the 142nd record. Run 1, Event 5817971, LumiSection 20442 at 13-May-2017 14:52:18.065 CEST
Begin processing the 143rd record. Run 1, Event 5817977, LumiSection 20442 at 13-May-2017 14:52:18.336 CEST
Begin processing the 144th record. Run 1, Event 5817980, LumiSection 20442 at 13-May-2017 14:52:18.348 CEST
DTTSPhi::addTracoT: preview not present in TRACO trigger or its code=0  trigger not added!
Begin processing the 145th record. Run 1, Event 5817981, LumiSection 20442 at 13-May-2017 14:52:18.577 CEST
Begin processing the 146th record. Run 1, Event 5817989, LumiSection 20442 at 13-May-2017 14:52:18.813 CEST
Begin processing the 147th record. Run 1, Event 5817983, LumiSection 20442 at 13-May-2017 14:52:18.967 CEST
Begin processing the 148th record. Run 1, Event 5817991, LumiSection 20442 at 13-May-2017 14:52:19.039 CEST
Begin processing the 149th record. Run 1, Event 5817988, LumiSection 20442 at 13-May-2017 14:52:19.106 CEST
Begin processing the 150th record. Run 1, Event 5817992, LumiSection 20442 at 13-May-2017 14:52:19.778 CEST
Begin processing the 151st record. Run 1, Event 5817995, LumiSection 20442 at 13-May-2017 14:52:19.778 CEST
Begin processing the 152nd record. Run 1, Event 5818011, LumiSection 20442 at 13-May-2017 14:52:19.840 CEST
Begin processing the 153rd record. Run 1, Event 5818004, LumiSection 20442 at 13-May-2017 14:52:20.382 CEST
Begin processing the 154th record. Run 1, Event 5818013, LumiSection 20442 at 13-May-2017 14:52:20.482 CEST
Begin processing the 155th record. Run 1, Event 5818014, LumiSection 20442 at 13-May-2017 14:52:20.716 CEST
Begin processing the 156th record. Run 1, Event 5818010, LumiSection 20442 at 13-May-2017 14:52:20.835 CEST
Begin processing the 157th record. Run 1, Event 5818021, LumiSection 20442 at 13-May-2017 14:52:20.878 CEST
Begin processing the 158th record. Run 1, Event 5818024, LumiSection 20442 at 13-May-2017 14:52:21.054 CEST
Begin processing the 159th record. Run 1, Event 5818020, LumiSection 20442 at 13-May-2017 14:52:21.211 CEST
DTTSPhi::addTracoT: preview not present in TRACO trigger or its code=0  trigger not added!
Begin processing the 160th record. Run 1, Event 5818018, LumiSection 20442 at 13-May-2017 14:52:21.702 CEST
Begin processing the 161st record. Run 1, Event 5818029, LumiSection 20442 at 13-May-2017 14:52:21.722 CEST
Begin processing the 162nd record. Run 1, Event 5818033, LumiSection 20442 at 13-May-2017 14:52:21.776 CEST
Begin processing the 163rd record. Run 1, Event 5818034, LumiSection 20442 at 13-May-2017 14:52:21.789 CEST
Begin processing the 164th record. Run 1, Event 5818031, LumiSection 20442 at 13-May-2017 14:52:22.440 CEST
Begin processing the 165th record. Run 1, Event 5818040, LumiSection 20442 at 13-May-2017 14:52:22.467 CEST
Begin processing the 166th record. Run 1, Event 5818044, LumiSection 20442 at 13-May-2017 14:52:22.468 CEST
Begin processing the 167th record. Run 1, Event 5818042, LumiSection 20442 at 13-May-2017 14:52:23.172 CEST
Begin processing the 168th record. Run 1, Event 5818041, LumiSection 20442 at 13-May-2017 14:52:23.631 CEST
Begin processing the 169th record. Run 1, Event 5818043, LumiSection 20442 at 13-May-2017 14:52:23.843 CEST
Begin processing the 170th record. Run 1, Event 5818045, LumiSection 20442 at 13-May-2017 14:52:23.938 CEST
Begin processing the 171st record. Run 1, Event 5818048, LumiSection 20442 at 13-May-2017 14:52:24.049 CEST
Begin processing the 172nd record. Run 1, Event 5818050, LumiSection 20442 at 13-May-2017 14:52:24.246 CEST
Begin processing the 173rd record. Run 1, Event 5818058, LumiSection 20442 at 13-May-2017 14:52:24.523 CEST
Begin processing the 174th record. Run 1, Event 5818061, LumiSection 20442 at 13-May-2017 14:52:24.766 CEST
Begin processing the 175th record. Run 1, Event 5818056, LumiSection 20442 at 13-May-2017 14:52:24.999 CEST
Begin processing the 176th record. Run 1, Event 5818063, LumiSection 20442 at 13-May-2017 14:52:25.015 CEST
DTTSPhi::addTracoT: preview not present in TRACO trigger or its code=0  trigger not added!
Begin processing the 177th record. Run 1, Event 5818047, LumiSection 20442 at 13-May-2017 14:52:25.402 CEST
Begin processing the 178th record. Run 1, Event 5818060, LumiSection 20442 at 13-May-2017 14:52:25.594 CEST
Begin processing the 179th record. Run 1, Event 5818064, LumiSection 20442 at 13-May-2017 14:52:25.753 CEST
Begin processing the 180th record. Run 1, Event 5818065, LumiSection 20442 at 13-May-2017 14:52:25.780 CEST
Begin processing the 181st record. Run 1, Event 5818068, LumiSection 20442 at 13-May-2017 14:52:25.887 CEST
Begin processing the 182nd record. Run 1, Event 5818072, LumiSection 20442 at 13-May-2017 14:52:26.472 CEST
Begin processing the 183rd record. Run 1, Event 5818071, LumiSection 20442 at 13-May-2017 14:52:26.473 CEST
Begin processing the 184th record. Run 1, Event 5818078, LumiSection 20442 at 13-May-2017 14:52:26.809 CEST
Begin processing the 185th record. Run 1, Event 5818066, LumiSection 20442 at 13-May-2017 14:52:26.984 CEST
Begin processing the 186th record. Run 1, Event 5818083, LumiSection 20442 at 13-May-2017 14:52:27.007 CEST
Begin processing the 187th record. Run 1, Event 5818079, LumiSection 20442 at 13-May-2017 14:52:27.034 CEST
Begin processing the 188th record. Run 1, Event 5818090, LumiSection 20442 at 13-May-2017 14:52:27.429 CEST
Begin processing the 189th record. Run 1, Event 5818093, LumiSection 20442 at 13-May-2017 14:52:27.596 CEST
Begin processing the 190th record. Run 1, Event 5818092, LumiSection 20442 at 13-May-2017 14:52:27.886 CEST
Begin processing the 191st record. Run 1, Event 5818073, LumiSection 20442 at 13-May-2017 14:52:28.044 CEST
Begin processing the 192nd record. Run 1, Event 5818097, LumiSection 20442 at 13-May-2017 14:52:28.316 CEST
Begin processing the 193rd record. Run 1, Event 5818108, LumiSection 20442 at 13-May-2017 14:52:28.422 CEST
Begin processing the 194th record. Run 1, Event 5818085, LumiSection 20442 at 13-May-2017 14:52:28.552 CEST
Begin processing the 195th record. Run 1, Event 5818112, LumiSection 20442 at 13-May-2017 14:52:28.576 CEST
Begin processing the 196th record. Run 1, Event 5818104, LumiSection 20442 at 13-May-2017 14:52:28.654 CEST
Begin processing the 197th record. Run 1, Event 5818107, LumiSection 20442 at 13-May-2017 14:52:29.645 CEST
Begin processing the 198th record. Run 1, Event 5818117, LumiSection 20442 at 13-May-2017 14:52:29.645 CEST
Begin processing the 199th record. Run 1, Event 5818119, LumiSection 20442 at 13-May-2017 14:52:29.646 CEST
Begin processing the 200th record. Run 1, Event 5818114, LumiSection 20442 at 13-May-2017 14:52:30.192 CEST
Begin processing the 201st record. Run 1, Event 5818127, LumiSection 20442 at 13-May-2017 14:52:30.225 CEST
Begin processing the 202nd record. Run 1, Event 5818118, LumiSection 20442 at 13-May-2017 14:52:30.579 CEST
Begin processing the 203rd record. Run 1, Event 5818131, LumiSection 20442 at 13-May-2017 14:52:30.604 CEST
Begin processing the 204th record. Run 1, Event 5818125, LumiSection 20442 at 13-May-2017 14:52:30.605 CEST
Begin processing the 205th record. Run 1, Event 5818128, LumiSection 20442 at 13-May-2017 14:52:31.019 CEST
Begin processing the 206th record. Run 1, Event 5818134, LumiSection 20442 at 13-May-2017 14:52:31.094 CEST
Begin processing the 207th record. Run 1, Event 5818133, LumiSection 20442 at 13-May-2017 14:52:31.528 CEST
Begin processing the 208th record. Run 1, Event 5818143, LumiSection 20442 at 13-May-2017 14:52:31.559 CEST
Begin processing the 209th record. Run 1, Event 5818136, LumiSection 20442 at 13-May-2017 14:52:31.607 CEST
Begin processing the 210th record. Run 1, Event 5818150, LumiSection 20442 at 13-May-2017 14:52:31.862 CEST
Begin processing the 211th record. Run 1, Event 5818139, LumiSection 20442 at 13-May-2017 14:52:32.188 CEST
Begin processing the 212th record. Run 1, Event 5818148, LumiSection 20442 at 13-May-2017 14:52:32.273 CEST
Begin processing the 213th record. Run 1, Event 5818154, LumiSection 20442 at 13-May-2017 14:52:32.366 CEST
%MSG-w BasicTrajectoryState:   TrackProducer:hltIter2ElectronsCtfWithMaterialTracks 13-May-2017 14:52:32 CEST  Run: 1 Event: 5818133
local error not pos-def
[     -2949.07     199.033     44.0997  0.00132557 0.000374566
       199.033    -13.4327    -2.97629-8.95542e-05-2.52798e-05
       44.0997    -2.97629   -0.659458-1.98221e-05-5.76569e-06
    0.00132557-8.95542e-05-1.98221e-05 2.21432e-06 3.18523e-11
   0.000374566-2.52798e-05-5.76569e-06 3.18523e-11 3.97286e-06 ]
pos/mom/mf  (9.40192,-8.43452,-30.7797)   (81.0599,-75.1806,-288.194)   (-0.00066264,0.000594459,3.80915) 
%MSG
%MSG-w BasicTrajectoryState:   TrackProducer:hltIter2ElectronsCtfWithMaterialTracks 13-May-2017 14:52:32 CEST  Run: 1 Event: 5818133
curv error not pos-def
[     -2949.07   0.0787324      464.66 -0.00127147 7.36556e-05
     0.0787324-2.09114e-06  -0.0124052 3.85907e-08 1.22906e-07
        464.66  -0.0124052    -73.2125 0.000200534-1.15932e-05
   -0.00127147 3.85907e-08 0.000200534   1.967e-06 1.25303e-07
   7.36556e-05 1.22906e-07-1.15932e-05 1.25303e-07 3.44232e-06 ]
pos/mom/mf  (9.40192,-8.43452,-30.7797)   (81.0599,-75.1806,-288.194)   (-0.00066264,0.000594459,3.80915) 
%MSG
%MSG-w BasicTrajectoryState:   TrackProducer:hltIter2ElectronsCtfWithMaterialTracks 13-May-2017 14:52:32 CEST  Run: 1 Event: 5818133
curv error not pos-def
[     -2949.07   0.0874736     2253.32       25868    -14.0137
     0.0874736-2.58379e-06  -0.0668367   -0.767282 0.000416367
       2253.32  -0.0668367    -1721.71    -19765.2     10.7076
         25868   -0.767282    -19765.2     -226903     122.923
      -14.0137 0.000416367     10.7076     122.923   -0.066545 ]
pos/mom/mf  (23.3454,-21.3921,-80.3985)   (80.9123,-75.3393,-288.194)   (-0.00396355,0.00363193,3.79819) 
%MSG
%MSG-w BasicTrajectoryState:   TrackProducer:hltIter2ElectronsCtfWithMaterialTracks 13-May-2017 14:52:32 CEST  Run: 1 Event: 5818133
local error not pos-def
[     -2949.07    -863.871     30.7101      -25851      937.01
      -863.871    -253.054     8.99591    -7572.54     274.479
       30.7101     8.99591   -0.319799     269.199    -9.75754
        -25851    -7572.54     269.199     -226605     8213.67
        937.01     274.479    -9.75754     8213.67    -297.717 ]
pos/mom/mf  (23.3454,-21.3921,-80.3985)   (80.9123,-75.3393,-288.194)   (-0.00396355,0.00363193,3.79819) 
%MSG
%MSG-w BasicTrajectoryState:   TrackProducer:hltIter2ElectronsCtfWithMaterialTracks 13-May-2017 14:52:32 CEST  Run: 1 Event: 5818133
local error not pos-def
[     -2949.07    -863.871     30.7101      -25851      937.01
      -863.871    -253.054     8.99591    -7572.54     274.479
       30.7101     8.99591   -0.319799     269.199    -9.75754
        -25851    -7572.54     269.199     -226605     8213.67
        937.01     274.479    -9.75754     8213.67    -297.717 ]
pos/mom/mf  (23.3454,-21.3921,-80.3985)   (80.9092,-75.3363,-288.183)   (-0.00396355,0.00363193,3.79819) 
%MSG
%MSG-w BasicTrajectoryState:   TrackProducer:hltIter2ElectronsCtfWithMaterialTracks 13-May-2017 14:52:32 CEST  Run: 1 Event: 5818133
curv error not pos-def
[     -2949.07   0.0874479     2253.32       25868    -14.0146
     0.0874479-2.58194e-06   -0.066817   -0.767056 0.000416269
       2253.32   -0.066817    -1721.71    -19765.2     10.7082
         25868   -0.767056    -19765.2     -226903      122.93
      -14.0146 0.000416269     10.7082      122.93  -0.0665529 ]
pos/mom/mf  (23.3454,-21.3921,-80.3985)   (80.9092,-75.3363,-288.183)   (-0.00396355,0.00363193,3.79819) 
%MSG
%MSG-w BasicTrajectoryState:   TrackProducer:hltIter2ElectronsCtfWithMaterialTracks 13-May-2017 14:52:32 CEST  Run: 1 Event: 5818133
curv error not pos-def
[     -2949.07   0.0975217     2842.65     41943.6    -32.6615
     0.0975217-3.21378e-06  -0.0940026    -1.38702  0.00108097
       2842.65  -0.0940026    -2740.07      -40430     31.4829
       41943.6    -1.38702      -40430     -596549     464.533
      -32.6615  0.00108097     31.4829     464.533   -0.361656 ]
pos/mom/mf  (27.9614,-25.693,-96.8449)   (80.8605,-75.3886,-288.183)   (-0.00564004,0.00518249,3.79251) 
%MSG
%MSG-w BasicTrajectoryState:   TrackProducer:hltIter2ElectronsCtfWithMaterialTracks 13-May-2017 14:52:32 CEST  Run: 1 Event: 5818133
local error not pos-def
[     -2949.07    -1089.83      38.044    -41916.7     1502.54
      -1089.83    -402.749     14.0592    -15490.4     555.267
        38.044     14.0592   -0.490782      540.74    -19.3834
      -41916.7    -15490.4      540.74     -595784     21356.5
       1502.54     555.267    -19.3834     21356.5    -765.543 ]
pos/mom/mf  (27.9614,-25.693,-96.8449)   (80.8605,-75.3886,-288.183)   (-0.00564004,0.00518249,3.79251) 
%MSG
%MSG-w BasicTrajectoryState:   TrackProducer:hltIter2ElectronsCtfWithMaterialTracks 13-May-2017 14:52:32 CEST  Run: 1 Event: 5818133
local error not pos-def
[     -2949.07    -1089.83      38.044    -41916.7     1502.54
      -1089.83    -402.749     14.0592    -15490.4     555.267
        38.044     14.0592   -0.490782      540.74    -19.3834
      -41916.7    -15490.4      540.74     -595784     21356.5
       1502.54     555.267    -19.3834     21356.5    -765.543 ]
pos/mom/mf  (27.9614,-25.693,-96.8449)   (80.8591,-75.3874,-288.178)   (-0.00564004,0.00518249,3.79251) 
%MSG
%MSG-w BasicTrajectoryState:   TrackProducer:hltIter2ElectronsCtfWithMaterialTracks 13-May-2017 14:52:32 CEST  Run: 1 Event: 5818133
curv error not pos-def
[     -2949.07   0.0975477     2842.65     41943.6    -32.6604
     0.0975477 -3.2154e-06  -0.0940277    -1.38739  0.00108122
       2842.65  -0.0940277    -2740.07      -40430     31.4818
