%MSG-i ThreadSetup:  (NoModuleName) 19-May-2017 11:22:08 CEST pre-events
setting # threads 4
%MSG
%MSG-i StreamSetup:  (NoModuleName) 19-May-2017 11:22:08 CEST pre-events
setting # streams 4
%MSG
DQMStore: MultiThread option is enabled
19-May-2017 11:22:46 CEST  Initiating request to open file root://eoscms.cern.ch//eos/cms/store/mc/PhaseIFall16DR/DYJetsToLL_M-50_TuneCUETP8M1_13TeV-madgraphMLM-pythia8/GEN-SIM-RAW/FlatPU28to62HcalNZSRAW_90X_upgrade2017_realistic_v6_C1-v1/130000/002CCEBB-7A0E-E711-B0AC-0025901FB188.root
%MSG-w XrdAdaptorInternal:  file_open 19-May-2017 11:22:47 CEST pre-events
Failed to open file at URL root://eoscms.cern.ch:1094//eos/cms/store/mc/PhaseIFall16DR/DYJetsToLL_M-50_TuneCUETP8M1_13TeV-madgraphMLM-pythia8/GEN-SIM-RAW/FlatPU28to62HcalNZSRAW_90X_upgrade2017_realistic_v6_C1-v1/130000/002CCEBB-7A0E-E711-B0AC-0025901FB188.root.
%MSG
%MSG-w XrdAdaptorInternal:  file_open 19-May-2017 11:22:47 CEST pre-events
Failed to open file at URL root://eoscms.cern.ch:1094//eos/cms/store/mc/PhaseIFall16DR/DYJetsToLL_M-50_TuneCUETP8M1_13TeV-madgraphMLM-pythia8/GEN-SIM-RAW/FlatPU28to62HcalNZSRAW_90X_upgrade2017_realistic_v6_C1-v1/130000/002CCEBB-7A0E-E711-B0AC-0025901FB188.root?tried=.
%MSG
19-May-2017 11:22:47 CEST  Fallback request to file root://xrootd-cms.infn.it//store/mc/PhaseIFall16DR/DYJetsToLL_M-50_TuneCUETP8M1_13TeV-madgraphMLM-pythia8/GEN-SIM-RAW/FlatPU28to62HcalNZSRAW_90X_upgrade2017_realistic_v6_C1-v1/130000/002CCEBB-7A0E-E711-B0AC-0025901FB188.root
[2017-05-19 11:22:49.063233 +0200][Error  ][XRootDTransport   ] [ds-202-08-39.cr.cnaf.infn.it:1094 #0.0] No protocols left to try
[2017-05-19 11:22:49.063565 +0200][Error  ][AsyncSock         ] [ds-202-08-39.cr.cnaf.infn.it:1094 #0.0] Socket error while handshaking: [FATAL] Auth failed
[2017-05-19 11:22:49.064175 +0200][Error  ][PostMaster        ] [ds-202-08-39.cr.cnaf.infn.it:1094 #0] Unable to recover: [FATAL] Auth failed.
[2017-05-19 11:22:49.064288 +0200][Error  ][XRootD            ] [ds-202-08-39.cr.cnaf.infn.it:1094] Impossible to send message kXR_open (file: /store/mc/PhaseIFall16DR/DYJetsToLL_M-50_TuneCUETP8M1_13TeV-madgraphMLM-pythia8/GEN-SIM-RAW/FlatPU28to62HcalNZSRAW_90X_upgrade2017_realistic_v6_C1-v1/130000/002CCEBB-7A0E-E711-B0AC-0025901FB188.root, mode: 0660, flags: kXR_open_read kXR_async kXR_retstat ). Trying to recover.
%MSG-w XrdAdaptor:  file_open 19-May-2017 11:22:50 CEST pre-events
Data is served from T1_UK_RAL instead of original site T2_FR_GRIF_LLR
%MSG
19-May-2017 11:22:52 CEST  Successfully opened file root://xrootd-cms.infn.it//store/mc/PhaseIFall16DR/DYJetsToLL_M-50_TuneCUETP8M1_13TeV-madgraphMLM-pythia8/GEN-SIM-RAW/FlatPU28to62HcalNZSRAW_90X_upgrade2017_realistic_v6_C1-v1/130000/002CCEBB-7A0E-E711-B0AC-0025901FB188.root
%MSG-e JetCorrectorParametersHelper:   EventSetupRecordDataGetter:hltGetConditions@streamBeginRun  19-May-2017 11:23:30 CEST Run: 1 Stream: 1
Duplicate binning in record found (existing index,current index)=(0,1)
	Bins(lower bounds)=(-5.2, -9999, -9999)
%MSG
%MSG-e JetCorrectorParametersHelper:   EventSetupRecordDataGetter:hltGetConditions@streamBeginRun  19-May-2017 11:23:30 CEST Run: 1 Stream: 1
The mapping of bin lower bounds to indices does not contain all possible entries!!!
%MSG
%MSG-e JetCorrectorParametersHelper:   EventSetupRecordDataGetter:hltGetConditions@streamBeginRun  19-May-2017 11:23:30 CEST Run: 1 Stream: 1
Duplicate binning in record found (existing index,current index)=(0,1)
	Bins(lower bounds)=(-5.2, -9999, -9999)
%MSG
%MSG-e JetCorrectorParametersHelper:   EventSetupRecordDataGetter:hltGetConditions@streamBeginRun  19-May-2017 11:23:30 CEST Run: 1 Stream: 1
The mapping of bin lower bounds to indices does not contain all possible entries!!!
%MSG
DTTSPhi::addTracoT: preview not present in TRACO trigger or its code=0  trigger not added!
%MSG-e PosteriorWeightsCalculator:  GsfTrackProducer:hltEgammaGsfTracks  19-May-2017 11:24:02 CEST Run: 1 Event: 2427640
PosteriorWeightsCalculator: sumWeight < DBL_MIN
%MSG
%MSG-e GsfMultiStateUpdator:  GsfTrackProducer:hltEgammaGsfTracks  19-May-2017 11:24:02 CEST Run: 1 Event: 2427640
 no weights could be retreived. invalid updated state !.
%MSG
%MSG-e InvalidState:  GsfTrackProducer:hltEgammaGsfTracks  19-May-2017 11:24:02 CEST Run: 1 Event: 2427640
inside hit
%MSG
%MSG-e PosteriorWeightsCalculator:  GsfTrackProducer:hltEgammaGsfTracks  19-May-2017 11:24:02 CEST Run: 1 Event: 2427640
PosteriorWeightsCalculator: sumWeight < DBL_MIN
%MSG
%MSG-e GsfMultiStateUpdator:  GsfTrackProducer:hltEgammaGsfTracks  19-May-2017 11:24:02 CEST Run: 1 Event: 2427640
 no weights could be retreived. invalid updated state !.
%MSG
%MSG-e InvalidState:  GsfTrackProducer:hltEgammaGsfTracks  19-May-2017 11:24:02 CEST Run: 1 Event: 2427640
inside hit
%MSG
DTTSPhi::addTracoT: preview not present in TRACO trigger or its code=0  trigger not added!
DTTSPhi::addTracoT: preview not present in TRACO trigger or its code=0  trigger not added!
DTTSPhi::addTracoT: preview not present in TRACO trigger or its code=0  trigger not added!
DTTSPhi::addTracoT: preview not present in TRACO trigger or its code=0  trigger not added!
DTTSPhi::addTracoT: preview not present in TRACO trigger or its code=0  trigger not added!
DTTSPhi::addTracoT: preview not present in TRACO trigger or its code=0  trigger not added!
DTTSPhi::addTracoT: preview not present in TRACO trigger or its code=0  trigger not added!
%MSG-w BasicTrajectoryState:   TrackProducer:hltIter2ElectronsCtfWithMaterialTracks 19-May-2017 11:25:12 CEST  Run: 1 Event: 2428453
local error not pos-def
[     -37261.9     2830.07     502.562  0.00126668-2.63649e-05
       2830.07    -214.947      -38.17-9.62868e-05 2.00247e-06
       502.562      -38.17     -6.7782 -1.7084e-05 2.58419e-07
    0.00126668-9.62868e-05 -1.7084e-05 1.77516e-06 4.53038e-11
  -2.63649e-05 2.00247e-06 2.58419e-07 4.53038e-11   2.115e-06 ]
pos/mom/mf  (10.7502,8.41898,-31.1879)   (1089.19,844.407,-3054.78)   (-0.000766769,-0.000600492,3.80912) 
%MSG
%MSG-w BasicTrajectoryState:   TrackProducer:hltIter2ElectronsCtfWithMaterialTracks 19-May-2017 11:25:12 CEST  Run: 1 Event: 2428453
curv error not pos-def
[     -37261.9   -0.449709     5479.55 -0.00119043-0.000225305
     -0.449709-5.42361e-06   0.0661321-4.83968e-09 6.51984e-08
       5479.55   0.0661321    -805.797 0.000175208 3.31556e-05
   -0.00119043-4.83968e-09 0.000175208 1.56886e-06 2.45661e-07
  -0.000225305 6.51984e-08 3.31556e-05 2.45661e-07 1.74864e-06 ]
pos/mom/mf  (10.7502,8.41898,-31.1879)   (1089.19,844.407,-3054.78)   (-0.000766769,-0.000600492,3.80912) 
%MSG
%MSG-w BasicTrajectoryState:   TrackProducer:hltIter2ElectronsCtfWithMaterialTracks 19-May-2017 11:25:12 CEST  Run: 1 Event: 2428453
curv error not pos-def
[     -37261.9    -0.43094       19775      174557    -22.1781
      -0.43094-4.98002e-06    0.228701     2.01878-0.000256295
         19775    0.228701    -10494.7      -92638       11.77
        174557     2.01878      -92638     -817730     103.896
      -22.1781-0.000256295       11.77     103.896  -0.0131896 ]
pos/mom/mf  (21.6758,16.8882,-61.829)   (1089.29,844.282,-3054.78)   (-0.00288992,-0.00225161,3.80353) 
%MSG
%MSG-w BasicTrajectoryState:   TrackProducer:hltIter2ElectronsCtfWithMaterialTracks 19-May-2017 11:25:12 CEST  Run: 1 Event: 2428453
local error not pos-def
[     -37261.9      -20866    -10576.4     -179311    -90856.4
        -20866    -11684.6    -5922.62     -100411    -50878.1
      -10576.4    -5922.62    -3002.02    -50895.7    -25788.7
       -179311     -100411    -50895.7     -862877     -437217
      -90856.4    -50878.1    -25788.7     -437217     -221537 ]
pos/mom/mf  (21.6758,16.8882,-61.829)   (1089.29,844.282,-3054.78)   (-0.00288992,-0.00225161,3.80353) 
%MSG
%MSG-w BasicTrajectoryState:   TrackProducer:hltIter2ElectronsCtfWithMaterialTracks 19-May-2017 11:25:12 CEST  Run: 1 Event: 2428453
local error not pos-def
[     -37261.9      -20866    -10576.4     -179311    -90856.4
        -20866    -11684.6    -5922.62     -100411    -50878.1
      -10576.4    -5922.62    -3002.02    -50895.7    -25788.7
       -179311     -100411    -50895.7     -862877     -437217
      -90856.4    -50878.1    -25788.7     -437217     -221537 ]
pos/mom/mf  (21.6758,16.8882,-61.829)   (1089.28,844.278,-3054.76)   (-0.00288992,-0.00225161,3.80353) 
%MSG
%MSG-w BasicTrajectoryState:   TrackProducer:hltIter2ElectronsCtfWithMaterialTracks 19-May-2017 11:25:12 CEST  Run: 1 Event: 2428453
curv error not pos-def
[     -37261.9    -0.43181       19775      174557    -22.1968
      -0.43181-5.00015e-06    0.229163     2.02286-0.000257029
         19775    0.229163    -10494.7      -92638     11.7799
        174557     2.02286      -92638     -817730     103.983
      -22.1968-0.000257029     11.7799     103.983  -0.0132118 ]
pos/mom/mf  (21.6758,16.8882,-61.829)   (1089.28,844.278,-3054.76)   (-0.00288992,-0.00225161,3.80353) 
%MSG
%MSG-w BasicTrajectoryState:   TrackProducer:hltIter2ElectronsCtfWithMaterialTracks 19-May-2017 11:25:12 CEST  Run: 1 Event: 2428453
curv error not pos-def
[     -37261.9    -0.40683     28826.7      387911    -49.2619
      -0.40683-4.43794e-06    0.314734     4.23527-0.000537567
       28826.7    0.314734      -22301     -300098     38.1103
        387911     4.23527     -300098-4.03832e+06     512.837
      -49.2619-0.000537567     38.1103     512.837  -0.0651057 ]
pos/mom/mf  (28.6154,22.2665,-81.2896)   (1089.34,844.2,-3054.76)   (-0.0049054,-0.00381704,3.79819) 
%MSG
%MSG-w BasicTrajectoryState:   TrackProducer:hltIter2ElectronsCtfWithMaterialTracks 19-May-2017 11:25:12 CEST  Run: 1 Event: 2428453
local error not pos-def
[     -37261.9    -12885.6    -1759.85      384338     52530.7
      -12885.6    -4456.02     -608.58      132909     18165.8
      -1759.85     -608.58    -83.1166       18152     2480.99
        384338      132909       18152-3.96426e+06     -541828
       52530.7     18165.8     2480.99     -541828    -74056.1 ]
pos/mom/mf  (28.6154,22.2665,-81.2896)   (1089.34,844.2,-3054.76)   (-0.0049054,-0.00381704,3.79819) 
%MSG
%MSG-w BasicTrajectoryState:   TrackProducer:hltIter2ElectronsCtfWithMaterialTracks 19-May-2017 11:25:12 CEST  Run: 1 Event: 2428453
local error not pos-def
[     -37261.9    -12885.6    -1759.85      384338     52530.7
      -12885.6    -4456.02     -608.58      132909     18165.8
      -1759.85     -608.58    -83.1166       18152     2480.99
        384338      132909       18152-3.96426e+06     -541828
       52530.7     18165.8     2480.99     -541828    -74056.1 ]
pos/mom/mf  (28.6154,22.2665,-81.2896)   (1089.34,844.196,-3054.75)   (-0.0049054,-0.00381704,3.79819) 
%MSG
%MSG-w BasicTrajectoryState:   TrackProducer:hltIter2ElectronsCtfWithMaterialTracks 19-May-2017 11:25:12 CEST  Run: 1 Event: 2428453
curv error not pos-def
[     -37261.9    -0.40683     28826.7      387911    -49.2619
      -0.40683-4.43794e-06    0.314734     4.23527-0.000537567
       28826.7    0.314734    -22301.1     -300098     38.1103
        387911     4.23527     -300098-4.03832e+06     512.837
      -49.2619-0.000537567     38.1103     512.837  -0.0651057 ]
pos/mom/mf  (28.6154,22.2665,-81.2896)   (1089.34,844.196,-3054.75)   (-0.0049054,-0.00381704,3.79819) 
%MSG
%MSG-w BasicTrajectoryState:   TrackProducer:hltIter2ElectronsCtfWithMaterialTracks 19-May-2017 11:25:12 CEST  Run: 1 Event: 2428453
curv error not pos-def
[     -37261.9   -0.372642     37626.1      672322     -90.966
     -0.372642-3.72277e-06    0.376285     6.72364-0.000909355
       37626.1    0.376285    -37993.9     -678894     91.8551
        672322     6.72364     -678894-1.21308e+07     1641.31
       -90.966-0.000909355     91.8551     1641.31   -0.222037 ]
pos/mom/mf  (35.3815,27.5096,-100.263)   (1089.4,844.12,-3054.75)   (-0.00736495,-0.00572635,3.79168) 
%MSG
%MSG-w BasicTrajectoryState:   TrackProducer:hltIter2ElectronsCtfWithMaterialTracks 19-May-2017 11:25:12 CEST  Run: 1 Event: 2428453
local error not pos-def
[     -37261.9       16967      524.93     -671998    -20872.5
         16967    -7725.85    -239.024      305991      9504.2
        524.93    -239.024    -7.39499     9466.83     294.043
       -671998      305991     9466.83-1.21191e+07     -376425
      -20872.5      9504.2     294.043     -376425    -11691.9 ]
pos/mom/mf  (35.3815,27.5096,-100.263)   (1089.4,844.12,-3054.75)   (-0.00736495,-0.00572635,3.79168) 
%MSG
DTTSPhi::addTracoT: preview not present in TRACO trigger or its code=0  trigger not added!
DTTSPhi::addTracoT: preview not present in TRACO trigger or its code=0  trigger not added!
DTTSPhi::addTracoT: preview not present in TRACO trigger or its code=0  trigger not added!
DTTSPhi::addTracoT: preview not present in TRACO trigger or its code=0  trigger not added!
DTTSPhi::addTracoT: preview not present in TRACO trigger or its code=0  trigger not added!
%MSG-w BasicTrajectoryState:   TrackProducer:hltIter2ElectronsCtfWithMaterialTracks 19-May-2017 11:26:04 CEST  Run: 1 Event: 6393037
local error not pos-def
[      -136573    -12101.6     3067.82-0.000662372  0.00246999
      -12101.6    -1072.31     271.836-5.87516e-05 0.000218863
       3067.82     271.836     -68.912 1.48788e-05-5.56216e-05
  -0.000662372-5.87516e-05 1.48788e-05 1.33066e-06-5.16492e-11
    0.00246999 0.000218863-5.56216e-05-5.16492e-11 3.09848e-06 ]
pos/mom/mf  (15.1031,-0.217022,29.8954)   (245.699,-6.28119,476.929)   (0.000923425,-1.32691e-05,3.80978) 
%MSG
%MSG-w BasicTrajectoryState:   TrackProducer:hltIter2ElectronsCtfWithMaterialTracks 19-May-2017 11:26:04 CEST  Run: 1 Event: 6393037
curv error not pos-def
[      -136573     10.7591     20948.2-0.000780536 -0.00200709
       10.7591 -0.00084758    -1.65028 5.78335e-08 2.48083e-07
       20948.2    -1.65028    -3213.14 0.000119818 0.000307849
  -0.000780536 5.78335e-08 0.000119818 1.18248e-06-9.98075e-08
   -0.00200709 2.48083e-07 0.000307849-9.98075e-08 2.41795e-06 ]
pos/mom/mf  (15.1031,-0.217022,29.8954)   (245.699,-6.28119,476.929)   (0.000923425,-1.32691e-05,3.80978) 
%MSG
%MSG-w BasicTrajectoryState:   TrackProducer:hltIter2ElectronsCtfWithMaterialTracks 19-May-2017 11:26:04 CEST  Run: 1 Event: 6393037
curv error not pos-def
[      -136573     10.6273     64369.1      544216     416.637
       10.6273-0.000826938    -5.00879    -42.3474  -0.0324198
       64369.1    -5.00879    -30338.2     -256498    -196.368
        544216    -42.3474     -256498-2.16859e+06    -1660.21
       416.637  -0.0324198    -196.368    -1660.21      -1.271 ]
pos/mom/mf  (27.8563,-0.546832,54.651)   (245.695,-6.42664,476.929)   (0.0031162,-6.11724e-05,3.80614) 
%MSG
%MSG-w BasicTrajectoryState:   TrackProducer:hltIter2ElectronsCtfWithMaterialTracks 19-May-2017 11:26:04 CEST  Run: 1 Event: 6393037
local error not pos-def
[      -136573    -70026.9     38543.3     -567589      311923
      -70026.9    -35905.8     19762.8     -291027      159936
       38543.3     19762.8    -10877.5      160183    -88029.9
       -567589     -291027      160183-2.35886e+06 1.29633e+06
        311923      159936    -88029.9 1.29633e+06     -712409 ]
pos/mom/mf  (27.8563,-0.546832,54.651)   (245.695,-6.42664,476.929)   (0.0031162,-6.11724e-05,3.80614) 
%MSG
%MSG-w BasicTrajectoryState:   TrackProducer:hltIter2ElectronsCtfWithMaterialTracks 19-May-2017 11:26:04 CEST  Run: 1 Event: 6393037
local error not pos-def
[      -136573    -70026.9     38543.3     -567589      311923
      -70026.9    -35905.8     19762.8     -291027      159936
       38543.3     19762.8    -10877.5      160183    -88029.9
       -567589     -291027      160183-2.35886e+06 1.29633e+06
        311923      159936    -88029.9 1.29633e+06     -712409 ]
pos/mom/mf  (27.8563,-0.546831,54.651)   (245.689,-6.4265,476.918)   (0.0031162,-6.11724e-05,3.80614) 
%MSG
%MSG-w BasicTrajectoryState:   TrackProducer:hltIter2ElectronsCtfWithMaterialTracks 19-May-2017 11:26:04 CEST  Run: 1 Event: 6393037
curv error not pos-def
[      -136573     10.6292     64369.1      544217     416.673
       10.6292-0.000827238     -5.0097    -42.3551  -0.0324284
       64369.1     -5.0097    -30338.2     -256498    -196.385
        544217    -42.3551     -256498-2.16859e+06    -1660.36
       416.673  -0.0324284    -196.385    -1660.36    -1.27122 ]
pos/mom/mf  (27.8563,-0.546831,54.651)   (245.689,-6.4265,476.918)   (0.0031162,-6.11724e-05,3.80614) 
%MSG
%MSG-w BasicTrajectoryState:   TrackProducer:hltIter2ElectronsCtfWithMaterialTracks 19-May-2017 11:26:04 CEST  Run: 1 Event: 6393037
curv error not pos-def
[      -136573      10.294      110995 1.74788e+06     1347.13
        10.294-0.000775881    -8.36605    -131.743   -0.101537
        110995    -8.36605    -90207.3-1.42053e+06    -1094.83
   1.74788e+06    -131.743-1.42053e+06-2.23696e+07    -17240.8
       1347.13   -0.101537    -1094.83    -17240.8    -13.2878 ]
pos/mom/mf  (41.5791,-0.910143,81.2892)   (245.685,-6.58257,476.918)   (0.00683222,-0.000149553,3.79979) 
%MSG
%MSG-w BasicTrajectoryState:   TrackProducer:hltIter2ElectronsCtfWithMaterialTracks 19-May-2017 11:26:04 CEST  Run: 1 Event: 6393037
local error not pos-def
[      -136573     57179.7     1518.71 -1.7473e+06      -45291
       57179.7    -23939.6    -635.844      731547     18962.1
       1518.71    -635.844    -16.8882     19430.1     503.641
   -1.7473e+06      731547     19430.1-2.23546e+07     -579445
        -45291     18962.1     503.641     -579445    -15019.6 ]
pos/mom/mf  (41.5791,-0.910143,81.2892)   (245.685,-6.58257,476.918)   (0.00683222,-0.000149553,3.79979) 
%MSG
%MSG-w BasicTrajectoryState:   TrackProducer:hltIter2ElectronsCtfWithMaterialTracks 19-May-2017 11:26:04 CEST  Run: 1 Event: 6393037
local error not pos-def
[      -136573     57179.7     1518.71 -1.7473e+06      -45291
       57179.7    -23939.6    -635.844      731547     18962.1
       1518.71    -635.844    -16.8882     19430.1     503.641
   -1.7473e+06      731547     19430.1-2.23546e+07     -579445
        -45291     18962.1     503.641     -579445    -15019.6 ]
pos/mom/mf  (41.5791,-0.910143,81.2892)   (245.68,-6.58243,476.908)   (0.00683222,-0.000149553,3.79979) 
%MSG
%MSG-w BasicTrajectoryState:   TrackProducer:hltIter2ElectronsCtfWithMaterialTracks 19-May-2017 11:26:04 CEST  Run: 1 Event: 6393037
curv error not pos-def
[      -136573     10.2941      110995 1.74788e+06     1347.14
       10.2941-0.000775897    -8.36614    -131.745   -0.101538
        110995    -8.36614    -90207.3-1.42053e+06    -1094.84
   1.74788e+06    -131.745-1.42053e+06-2.23696e+07    -17240.8
       1347.14   -0.101538    -1094.84    -17240.8    -13.2879 ]
pos/mom/mf  (41.5791,-0.910143,81.2892)   (245.68,-6.58243,476.908)   (0.00683222,-0.000149553,3.79979) 
%MSG
%MSG-w BasicTrajectoryState:   TrackProducer:hltIter2ElectronsCtfWithMaterialTracks 19-May-2017 11:26:04 CEST  Run: 1 Event: 6393037
curv error not pos-def
[      -136573     10.1664      121505  2.1089e+06      1661.9
       10.1664-0.000756765    -9.04473    -156.984    -0.12371
        121505    -9.04473     -108100-1.87623e+06    -1478.55
    2.1089e+06    -156.984-1.87623e+06-3.25647e+07    -25662.4
        1661.9    -0.12371    -1478.55    -25662.4     -20.223 ]
pos/mom/mf  (44.6835,-0.993542,87.3154)   (245.679,-6.61765,476.908)   (0.00786414,-0.00017486,3.79801) 
%MSG
%MSG-w BasicTrajectoryState:   TrackProducer:hltIter2ElectronsCtfWithMaterialTracks 19-May-2017 11:26:04 CEST  Run: 1 Event: 6393037
local error not pos-def
[      -136573    -62593.8    -1674.76 2.10819e+06     54969.8
      -62593.8    -28687.8    -767.569      966217     25193.6
      -1674.76    -767.569    -20.5371     25852.1     674.078
   2.10819e+06      966217     25852.1-3.25426e+07     -848530
       54969.8     25193.6     674.078     -848530    -22124.9 ]
pos/mom/mf  (44.6835,-0.993542,87.3154)   (245.679,-6.61765,476.908)   (0.00786414,-0.00017486,3.79801) 
%MSG
DTTSPhi::addTracoT: preview not present in TRACO trigger or its code=0  trigger not added!
DTTSPhi::addTracoT: preview not present in TRACO trigger or its code=0  trigger not added!
DTTSPhi::addTracoT: preview not present in TRACO trigger or its code=0  trigger not added!
DTTSPhi::addTracoT: preview not present in TRACO trigger or its code=0  trigger not added!
%MSG-w BasicTrajectoryState:   TrackProducer:hltIter2ElectronsCtfWithMaterialTracks 19-May-2017 11:26:28 CEST  Run: 1 Event: 6393340
local error not pos-def
[     -6049.02     409.314     79.0524 0.000149768 0.000154467
       409.314    -27.6967    -5.34918-1.01482e-05-1.04522e-05
       79.0524    -5.34918    -1.03311-1.95725e-06-2.06421e-06
   0.000149768-1.01482e-05-1.95725e-06 2.98343e-07 2.38099e-12
   0.000154467-1.04522e-05-2.06421e-06 2.38099e-12 9.74973e-07 ]
pos/mom/mf  (-12.3206,-1.50642,-37.8515)   (-534.541,-71.7778,-1285.21)   (0.0010486,0.000128211,3.80809) 
%MSG
%MSG-w BasicTrajectoryState:   TrackProducer:hltIter2ElectronsCtfWithMaterialTracks 19-May-2017 11:26:28 CEST  Run: 1 Event: 6393340
curv error not pos-def
[     -6049.02    0.123447     860.769-0.000146647 0.000113967
      0.123447-2.51562e-06  -0.0175663 3.59443e-09 3.03345e-08
       860.769  -0.0175663    -122.486 2.08951e-05-1.62159e-05
  -0.000146647 3.59443e-09 2.08951e-05 2.64559e-07 1.48045e-08
   0.000113967 3.03345e-08-1.62159e-05 1.48045e-08 8.13432e-07 ]
pos/mom/mf  (-12.3206,-1.50642,-37.8515)   (-534.541,-71.7778,-1285.21)   (0.0010486,0.000128211,3.80809) 
%MSG
%MSG-w BasicTrajectoryState:   TrackProducer:hltIter2ElectronsCtfWithMaterialTracks 19-May-2017 11:26:28 CEST  Run: 1 Event: 6393340
curv error not pos-def
[     -6049.02    0.114253     3849.34     39464.4   0.0815635
      0.114253-2.15434e-06  -0.0727057   -0.745397-1.35018e-06
       3849.34  -0.0727057    -2449.56    -25113.5  -0.0519037
       39464.4   -0.745397    -25113.5     -257470    -0.53213
     0.0815635-1.35018e-06  -0.0519037    -0.53213 9.37235e-06 ]
pos/mom/mf  (-28.9292,-3.73363,-77.783)   (-534.567,-71.5887,-1285.21)   (0.00476486,0.000614957,3.79891) 
%MSG
%MSG-w BasicTrajectoryState:   TrackProducer:hltIter2ElectronsCtfWithMaterialTracks 19-May-2017 11:26:28 CEST  Run: 1 Event: 6393340
local error not pos-def
[     -6049.02    -1601.12    -214.203     39115.5     5236.22
      -1601.12    -423.801    -56.6975     10353.5     1385.98
      -214.203    -56.6975    -7.58518     1385.13     185.421
       39115.5     10353.5     1385.13     -252937    -33859.6
       5236.22     1385.98     185.421    -33859.6    -4532.64 ]
pos/mom/mf  (-28.9292,-3.73363,-77.783)   (-534.567,-71.5887,-1285.21)   (0.00476486,0.000614957,3.79891) 
%MSG
%MSG-w BasicTrajectoryState:   TrackProducer:hltIter2ElectronsCtfWithMaterialTracks 19-May-2017 11:26:28 CEST  Run: 1 Event: 6393340
local error not pos-def
[     -6049.02    -1601.12    -214.203     39115.5     5236.22
      -1601.12    -423.801    -56.6975     10353.5     1385.98
      -214.203    -56.6975    -7.58518     1385.13     185.421
       39115.5     10353.5     1385.13     -252937    -33859.6
       5236.22     1385.98     185.421    -33859.6    -4532.64 ]
pos/mom/mf  (-28.9292,-3.73363,-77.783)   (-534.562,-71.5881,-1285.19)   (0.00476486,0.000614957,3.79891) 
%MSG
%MSG-w BasicTrajectoryState:   TrackProducer:hltIter2ElectronsCtfWithMaterialTracks 19-May-2017 11:26:28 CEST  Run: 1 Event: 6393340
curv error not pos-def
[     -6049.02    0.114261     3849.34     39464.4   0.0817929
      0.114261-2.15466e-06  -0.0727112   -0.745453-1.35463e-06
       3849.34  -0.0727112    -2449.56    -25113.5  -0.0520497
       39464.4   -0.745453    -25113.5     -257470   -0.533626
     0.0817929-1.35463e-06  -0.0520497   -0.533626 9.36615e-06 ]
pos/mom/mf  (-28.9292,-3.73363,-77.783)   (-534.562,-71.5881,-1285.19)   (0.00476486,0.000614957,3.79891) 
%MSG
%MSG-w BasicTrajectoryState:   TrackProducer:hltIter2ElectronsCtfWithMaterialTracks 19-May-2017 11:26:28 CEST  Run: 1 Event: 6393340
curv error not pos-def
[     -6049.02    0.109299     4814.24     63012.8    -3.70282
      0.109299-1.97127e-06  -0.0869884    -1.13858 6.71479e-05
       4814.24  -0.0869884    -3831.52    -50150.1     2.94697
       63012.8    -1.13858    -50150.1     -656406     38.5724
      -3.70282 6.71479e-05     2.94697     38.5724 -0.00225008 ]
pos/mom/mf  (-34.3173,-4.45489,-90.737)   (-534.57,-71.527,-1285.19)   (0.00651652,0.000845939,3.79466) 
%MSG
%MSG-w BasicTrajectoryState:   TrackProducer:hltIter2ElectronsCtfWithMaterialTracks 19-May-2017 11:26:28 CEST  Run: 1 Event: 6393340
local error not pos-def
[     -6049.02    -2002.47    -267.822     62455.6     8361.26
      -2002.47    -662.901    -88.6601     20675.4     2767.92
      -267.822    -88.6601    -11.8579     2765.24     370.197
       62455.6     20675.4     2765.24     -644849    -86329.2
       8361.26     2767.92     370.197    -86329.2    -11557.3 ]
pos/mom/mf  (-34.3173,-4.45489,-90.737)   (-534.57,-71.527,-1285.19)   (0.00651652,0.000845939,3.79466) 
%MSG
%MSG-w BasicTrajectoryState:   TrackProducer:hltIter2ElectronsCtfWithMaterialTracks 19-May-2017 11:26:28 CEST  Run: 1 Event: 6393340
local error not pos-def
[     -6049.02    -2002.47    -267.822     62455.6     8361.26
      -2002.47    -662.901    -88.6601     20675.4     2767.92
      -267.822    -88.6601    -11.8579     2765.24     370.197
       62455.6     20675.4     2765.24     -644849    -86329.2
       8361.26     2767.92     370.197    -86329.2    -11557.3 ]
pos/mom/mf  (-34.3173,-4.45489,-90.737)   (-534.568,-71.5267,-1285.19)   (0.00651652,0.000845939,3.79466) 
%MSG
%MSG-w BasicTrajectoryState:   TrackProducer:hltIter2ElectronsCtfWithMaterialTracks 19-May-2017 11:26:28 CEST  Run: 1 Event: 6393340
curv error not pos-def
[     -6049.02    0.109312     4814.24     63012.8    -3.70239
      0.109312-1.97173e-06  -0.0869986    -1.13871 6.71479e-05
       4814.24  -0.0869986    -3831.52    -50150.1     2.94662
       63012.8    -1.13871    -50150.1     -656406     38.5679
      -3.70239 6.71479e-05     2.94662     38.5679 -0.00224956 ]
pos/mom/mf  (-34.3173,-4.45489,-90.737)   (-534.568,-71.5267,-1285.19)   (0.00651652,0.000845939,3.79466) 
%MSG
%MSG-w BasicTrajectoryState:   TrackProducer:hltIter2ElectronsCtfWithMaterialTracks 19-May-2017 11:26:28 CEST  Run: 1 Event: 6393340
curv error not pos-def
[     -6049.02    0.104488     5704.55     89452.7    -9.69251
      0.104488-1.80123e-06  -0.0985382    -1.54517 0.000167714
       5704.55  -0.0985382     -5379.7    -84358.8     9.14056
       89452.7    -1.54517    -84358.8-1.32282e+06     143.333
      -9.69251 0.000167714     9.14056     143.333  -0.0155071 ]
pos/mom/mf  (-39.3001,-5.12133,-102.716)   (-534.575,-71.4703,-1285.19)   (0.00837526,0.00109141,3.7902) 
%MSG
%MSG-w BasicTrajectoryState:   TrackProducer:hltIter2ElectronsCtfWithMaterialTracks 19-May-2017 11:26:28 CEST  Run: 1 Event: 6393340
local error not pos-def
[     -6049.02     2393.22     57.9584     89426.8     2150.61
       2393.22     -946.85    -22.9305    -35380.7    -850.862
       57.9584    -22.9305   -0.555326    -856.839    -20.6059
       89426.8    -35380.7    -856.839-1.32206e+06    -31793.9
       2150.61    -850.862    -20.6059    -31793.9    -764.605 ]
pos/mom/mf  (-39.3001,-5.12133,-102.716)   (-534.575,-71.4703,-1285.19)   (0.00837526,0.00109141,3.7902) 
%MSG
DTTSPhi::addTracoT: preview not present in TRACO trigger or its code=0  trigger not added!
DTTSPhi::addTracoT: preview not present in TRACO trigger or its code=0  trigger not added!
DTTSPhi::addTracoT: preview not present in TRACO trigger or its code=0  trigger not added!
DTTSPhi::addTracoT: preview not present in TRACO trigger or its code=0  trigger not added!
DTTSPhi::addTracoT: preview not present in TRACO trigger or its code=0  trigger not added!
%MSG-w EnergyInDeadEB_FE:  EcalRecHitProducer:hltEcalRecHit  19-May-2017 11:27:06 CEST Run: 1 Event: 8414910
TP energy in the dead TT = 50.5 at (EcalTT subDet Barrel iz +  ieta 13 iphi 37)
%MSG
DTTSPhi::addTracoT: preview not present in TRACO trigger or its code=0  trigger not added!
DTTSPhi::addTracoT: preview not present in TRACO trigger or its code=0  trigger not added!
DTTSPhi::addTracoT: preview not present in TRACO trigger or its code=0  trigger not added!
DTTSPhi::addTracoT: preview not present in TRACO trigger or its code=0  trigger not added!
DTTSPhi::addTracoT: preview not present in TRACO trigger or its code=0  trigger not added!
DTTSPhi::addTracoT: preview not present in TRACO trigger or its code=0  trigger not added!
DTTSPhi::addTracoT: preview not present in TRACO trigger or its code=0  trigger not added!
DTTSPhi::addTracoT: preview not present in TRACO trigger or its code=0  trigger not added!
DTTSPhi::addTracoT: preview not present in TRACO trigger or its code=0  trigger not added!
DTTSPhi::addTracoT: preview not present in TRACO trigger or its code=0  trigger not added!
DTTSPhi::addTracoT: preview not present in TRACO trigger or its code=0  trigger not added!
DTTSPhi::addTracoT: preview not present in TRACO trigger or its code=0  trigger not added!
%MSG-w BasicTrajectoryState:   TrackProducer:hltIter2ElectronsCtfWithMaterialTracks 19-May-2017 11:27:35 CEST  Run: 1 Event: 8415299
local error not pos-def
[     -5190.92    -392.968      -12.17   0.0002557-0.000508436
      -392.968    -29.7489   -0.921305 1.93753e-05-3.84907e-05
        -12.17   -0.921305  -0.0285323 5.99517e-07-9.87727e-07
     0.0002557 1.93753e-05 5.99517e-07 5.62098e-07 2.11797e-11
  -0.000508436-3.84907e-05-9.87727e-07 2.11797e-11 6.36767e-06 ]
pos/mom/mf  (3.66888,13.2967,31.7073)   (29.2624,108.355,336.066)   (0.000238284,0.000863585,3.80953) 
%MSG
%MSG-w BasicTrajectoryState:   TrackProducer:hltIter2ElectronsCtfWithMaterialTracks 19-May-2017 11:27:35 CEST  Run: 1 Event: 8415299
curv error not pos-def
[     -5190.92    0.258003     1034.61-0.000278472 0.000493231
      0.258003 -1.2816e-05  -0.0514232 6.72614e-11 1.42048e-07
       1034.61  -0.0514232    -206.211 5.55509e-05-9.83518e-05
  -0.000278472 6.72614e-11 5.55509e-05 5.30497e-07-4.81808e-07
   0.000493231 1.42048e-07-9.83518e-05-4.81808e-07 5.81501e-06 ]
pos/mom/mf  (3.66888,13.2967,31.7073)   (29.2624,108.355,336.066)   (0.000238284,0.000863585,3.80953) 
%MSG
%MSG-w BasicTrajectoryState:   TrackProducer:hltIter2ElectronsCtfWithMaterialTracks 19-May-2017 11:27:35 CEST  Run: 1 Event: 8415299
curv error not pos-def
[     -5190.92    0.264792     4075.83     41552.4    -12.5805
      0.264792-1.34997e-05   -0.207911    -2.11961 0.000642293
       4075.83   -0.207911    -3200.29    -32626.3     9.87806
       41552.4    -2.11961    -32626.3     -332619     100.705
      -12.5805 0.000642293     9.87806     100.705  -0.0304471 ]
pos/mom/mf  (7.89568,28.9995,80.3992)   (29.0837,108.403,336.066)   (0.00128555,0.00472159,3.79927) 
%MSG
%MSG-w BasicTrajectoryState:   TrackProducer:hltIter2ElectronsCtfWithMaterialTracks 19-May-2017 11:27:35 CEST  Run: 1 Event: 8415299
local error not pos-def
[     -5190.92     1361.22   -0.150503     41552.4    -26.8424
       1361.22    -356.952   0.0394666    -10896.3      7.0389
     -0.150503   0.0394666-4.35436e-06     1.20475-0.000777612
       41552.4    -10896.3     1.20475     -332619     214.869
      -26.8424      7.0389-0.000777612     214.869   -0.138756 ]
pos/mom/mf  (7.89568,28.9995,80.3992)   (29.0837,108.403,336.066)   (0.00128555,0.00472159,3.79927) 
%MSG
%MSG-w BasicTrajectoryState:   TrackProducer:hltIter2ElectronsCtfWithMaterialTracks 19-May-2017 11:27:35 CEST  Run: 1 Event: 8415299
local error not pos-def
[     -5190.92     1361.22   -0.150503     41552.4    -26.8424
       1361.22    -356.952   0.0394666    -10896.3      7.0389
     -0.150503   0.0394666-4.35407e-06     1.20475-0.000777612
       41552.4    -10896.3     1.20475     -332619     214.869
      -26.8424      7.0389-0.000777612     214.869   -0.138756 ]
pos/mom/mf  (7.89568,28.9995,80.3991)   (29.0827,108.4,336.055)   (0.00128555,0.00472159,3.79927) 
%MSG
%MSG-w BasicTrajectoryState:   TrackProducer:hltIter2ElectronsCtfWithMaterialTracks 19-May-2017 11:27:35 CEST  Run: 1 Event: 8415299
curv error not pos-def
[     -5190.92    0.264792     4075.84     41552.4    -12.5805
      0.264792-1.34994e-05   -0.207911    -2.11961 0.000642294
       4075.84   -0.207911    -3200.29    -32626.3     9.87807
       41552.4    -2.11961    -32626.3     -332619     100.705
      -12.5805 0.000642294     9.87807     100.705  -0.0304471 ]
pos/mom/mf  (7.89568,28.9995,80.3991)   (29.0827,108.4,336.055)   (0.00128555,0.00472159,3.79927) 
%MSG
%MSG-w BasicTrajectoryState:   TrackProducer:hltIter2ElectronsCtfWithMaterialTracks 19-May-2017 11:27:35 CEST  Run: 1 Event: 8415299
curv error not pos-def
[     -5190.92    0.272029     4879.77     60914.3    -30.0145
      0.272029-1.42479e-05   -0.255724     -3.1922  0.00157356
       4879.77   -0.255724    -4587.28    -57263.1     28.2154
       60914.3     -3.1922    -57263.1     -714817     352.214
      -30.0145  0.00157356     28.2154     352.214   -0.173488 ]
pos/mom/mf  (9.01523,33.176,93.3463)   (29.0353,108.412,336.055)   (0.00169499,0.00623757,3.79501) 
%MSG
%MSG-w BasicTrajectoryState:   TrackProducer:hltIter2ElectronsCtfWithMaterialTracks 19-May-2017 11:27:35 CEST  Run: 1 Event: 8415299
local error not pos-def
[     -5190.92     1629.71    0.482821     60914.3    -24.8993
       1629.71    -511.654   -0.151584    -19124.3     7.81725
      0.482821   -0.151584-4.48989e-05    -5.66581  0.00231672
       60914.3    -19124.3    -5.66581     -714817     292.188
      -24.8993     7.81725  0.00231672     292.188   -0.119369 ]
pos/mom/mf  (9.01523,33.176,93.3463)   (29.0353,108.412,336.055)   (0.00169499,0.00623757,3.79501) 
%MSG
%MSG-w BasicTrajectoryState:   TrackProducer:hltIter2ElectronsCtfWithMaterialTracks 19-May-2017 11:27:35 CEST  Run: 1 Event: 8415299
local error not pos-def
[     -5190.92     1629.71    0.482821     60914.3    -24.8993
       1629.71    -511.654   -0.151584    -19124.3     7.81725
      0.482821   -0.151584-4.48988e-05    -5.66581  0.00231672
       60914.3    -19124.3    -5.66581     -714817     292.188
      -24.8993     7.81725  0.00231672     292.188   -0.119369 ]
pos/mom/mf  (9.01523,33.176,93.3463)   (29.0349,108.411,336.05)   (0.00169499,0.00623757,3.79501) 
%MSG
%MSG-w BasicTrajectoryState:   TrackProducer:hltIter2ElectronsCtfWithMaterialTracks 19-May-2017 11:27:35 CEST  Run: 1 Event: 8415299
curv error not pos-def
[     -5190.92    0.271983     4879.77     60914.3    -30.0163
      0.271983 -1.4243e-05    -0.25568    -3.19166  0.00157339
       4879.77    -0.25568    -4587.28    -57263.1     28.2171
       60914.3    -3.19166    -57263.1     -714817     352.235
      -30.0163  0.00157339     28.2171     352.235   -0.173509 ]
pos/mom/mf  (9.01523,33.176,93.3463)   (29.0349,108.411,336.05)   (0.00169499,0.00623757,3.79501) 
%MSG
%MSG-w BasicTrajectoryState:   TrackProducer:hltIter2ElectronsCtfWithMaterialTracks 19-May-2017 11:27:35 CEST  Run: 1 Event: 8415299
curv error not pos-def
[     -5190.92    0.285317     5898.53     90513.6     -64.655
      0.285317-1.56745e-05    -0.32421    -4.97505  0.00355453
       5898.53    -0.32421     -6702.6     -102852     73.4686
       90513.6    -4.97505     -102852-1.57828e+06     1127.38
       -64.655  0.00355453     73.4686     1127.38    -0.80522 ]
pos/mom/mf  (10.4347,38.4818,109.792)   (28.9749,108.427,336.05)   (0.00229502,0.00846374,3.78869) 
%MSG
%MSG-w BasicTrajectoryState:   TrackProducer:hltIter2ElectronsCtfWithMaterialTracks 19-May-2017 11:27:35 CEST  Run: 1 Event: 8415299
local error not pos-def
[     -5190.92     1969.95     1.61879     90513.6      -8.358
       1969.95    -747.592    -0.61433    -34349.8     3.17185
       1.61879    -0.61433-0.000504813    -28.2268  0.00260738
       90513.6    -34349.8    -28.2268-1.57828e+06     145.738
        -8.358     3.17185  0.00260738     145.738  -0.0133636 ]
pos/mom/mf  (10.4347,38.4818,109.792)   (28.9749,108.427,336.05)   (0.00229502,0.00846374,3.78869) 
%MSG
DTTSPhi::addTracoT: preview not present in TRACO trigger or its code=0  trigger not added!
DTTSPhi::addTracoT: preview not present in TRACO trigger or its code=0  trigger not added!
DTTSPhi::addTracoT: preview not present in TRACO trigger or its code=0  trigger not added!
%MSG-w BasicTrajectoryState:  GsfTrackProducer:hltEgammaGsfTracks  19-May-2017 11:28:11 CEST Run: 1 Event: 8415833
curv error not pos-def
[  7.21588e+07    -74.8859-1.76252e+06     158.757    -51.3386
      -74.8859  0.00566721     1.82915-9.31469e-05   0.0239496
  -1.76252e+06     1.82915     43050.5    -3.88083     1.25405
       158.757-9.31469e-05    -3.88083  -0.0126185 0.000191819
      -51.3386   0.0239496     1.25405 0.000191819    0.102209 ]
pos/mom/mf  (-2.35197,-6.52433,-0.678558)   (-14.9567,-40.6065,8.68293)   (1.30466e-05,3.6191e-05,3.81124) 
%MSG
%MSG-w BasicTrajectoryState:  GsfTrackProducer:hltEgammaGsfTracks  19-May-2017 11:28:11 CEST Run: 1 Event: 8415833
local error not pos-def
[  7.21588e+07 1.76252e+06     132.386    -158.757      52.357
   1.76252e+06     43050.6     3.23362    -3.88083     1.27892
       132.386     3.23362  0.00629152-0.000216866     0.02545
      -158.757    -3.88083-0.000216866  -0.0126185 0.000195252
        52.357     1.27892     0.02545 0.000195252    0.106324 ]
pos/mom/mf  (-2.35197,-6.52433,-0.678558)   (-14.9567,-40.6065,8.68293)   (1.30466e-05,3.6191e-05,3.81124) 
%MSG
%MSG-e PosteriorWeightsCalculator:  GsfTrackProducer:hltEgammaGsfTracks  19-May-2017 11:28:11 CEST Run: 1 Event: 8415833
PosteriorWeightsCalculator: sumWeight < DBL_MIN
%MSG
%MSG-e GsfMultiStateUpdator:  GsfTrackProducer:hltEgammaGsfTracks  19-May-2017 11:28:11 CEST Run: 1 Event: 8415833
 no weights could be retreived. invalid updated state !.
%MSG
%MSG-e InvalidState:  GsfTrackProducer:hltEgammaGsfTracks  19-May-2017 11:28:11 CEST Run: 1 Event: 8415833
inside hit
%MSG
%MSG-w BasicTrajectoryState:  GsfTrackProducer:hltEgammaGsfTracks  19-May-2017 11:28:11 CEST Run: 1 Event: 8415833
curv error not pos-def
[  7.21588e+07    -74.8859-1.76252e+06     158.757    -51.3386
      -74.8859  0.00566721     1.82915-9.31469e-05   0.0239496
  -1.76252e+06     1.82915     43050.5    -3.88083     1.25405
       158.757-9.31469e-05    -3.88083  -0.0126185 0.000191819
      -51.3386   0.0239496     1.25405 0.000191819    0.102209 ]
pos/mom/mf  (-2.35197,-6.52433,-0.678558)   (-14.9567,-40.6065,8.68293)   (1.30466e-05,3.6191e-05,3.81124) 
%MSG
%MSG-w BasicTrajectoryState:  GsfTrackProducer:hltEgammaGsfTracks  19-May-2017 11:28:11 CEST Run: 1 Event: 8415833
local error not pos-def
[  7.21588e+07 1.76252e+06     132.386    -158.757      52.357
   1.76252e+06     43050.6     3.23362    -3.88083     1.27892
       132.386     3.23362  0.00629152-0.000216866     0.02545
      -158.757    -3.88083-0.000216866  -0.0126185 0.000195252
        52.357     1.27892     0.02545 0.000195252    0.106324 ]
pos/mom/mf  (-2.35197,-6.52433,-0.678558)   (-14.9567,-40.6065,8.68293)   (1.30466e-05,3.6191e-05,3.81124) 
%MSG
%MSG-e PosteriorWeightsCalculator:  GsfTrackProducer:hltEgammaGsfTracks  19-May-2017 11:28:11 CEST Run: 1 Event: 8415833
PosteriorWeightsCalculator: sumWeight < DBL_MIN
%MSG
%MSG-e GsfMultiStateUpdator:  GsfTrackProducer:hltEgammaGsfTracks  19-May-2017 11:28:11 CEST Run: 1 Event: 8415833
 no weights could be retreived. invalid updated state !.
%MSG
%MSG-e InvalidState:  GsfTrackProducer:hltEgammaGsfTracks  19-May-2017 11:28:11 CEST Run: 1 Event: 8415833
inside hit
%MSG
DTTSPhi::addTracoT: preview not present in TRACO trigger or its code=0  trigger not added!
%MSG-w BasicTrajectoryState:   TrackProducer:hltIter2ElectronsCtfWithMaterialTracks 19-May-2017 11:28:27 CEST  Run: 1 Event: 8416002
local error not pos-def
[     -780.265     56.8891    -5.32722-0.000252501 2.13232e-07
       56.8891    -4.14778    0.388407 1.84354e-05-1.56175e-08
      -5.32722    0.388407  -0.0363713 -1.7239e-06 3.36777e-08
  -0.000252501 1.84354e-05 -1.7239e-06 7.33346e-07 3.28126e-12
   2.13232e-07-1.56175e-08 3.36777e-08 3.28126e-12 9.25351e-07 ]
